A Páros lista tartalma:
-142
146
46
-8
320
214
280
-48
176
-84
348
282
150
-338
-244
368
50
-344
-324
96
-222
290
306
228
-46
-210
-242
-228
-290
338
356
-40
-270
266
346
-156
-186
-176
406
112
110
412
42
10
408
396
-212
-26
44
250
-40
112
412
110
160
196
-246
-190
20
110
394
202
20
-46
194
-286
-256
390
-314
120
448
434
120
-104
108
-150
-142
266
-4
222
374
-326
-54
292
46
442
-286
264
286
406
326
44
70
-14
-86
-74
354
128
-152
174
-44
394
-110
-198
-302
380
190
202
-302
186
-156
122
22
-104
130
188
-98
120
106
-342
214
-144
22
262
-132
132
154
176
-198
148
210
-262
18
390
-266
-100
108
-166
-20
-62
-82
36
304
-166
-158
58
-72
380
306
-106
164
-276
418
370
62
42
-236
-238
-312
330
438
198
-174
256
260
-138
-306
204
-38
24
-86
-140
-136
-210
-240
-124
8
-26
406
250
192
166
110
-222
420
174
448
238
64
20
290
-86
-72
34
186
-310
118
176
296
250
446
-4
-104
-12
-10
10
252
-178
-254
-290
294
-78
242
-294
-246
44
-270
-226
216
-202
368
190
-332
328
230
-98
-214
-46
-44
-342
208
428
-222
146
-334
366
168
118
440
222
276
210
112
-162
366
-280
-100
280
182
112
406
174
-28
-122
120
60
118
182
-140
144
372
200
-34
-42
-108
160
-212
-18
-14
-298
170
-138
-150
-214
310
90
-336
374
-88
-208
294
182
226
176
20
328
-138
-196
-176
34
-50
148
-290
-326
26
-162
436
-340
284
96
-124
282
106
62
100
100
56
-280
28
-330
-40
4
-144
250
-148
124
296
336
-78
-342
376
198
-240
38
378
272
432
76
286
-326
-102
354
-298
20
-338
72
312
-116
360
82
-234
-132
-196
120
220
186
-174
408
148
-138
72
-226
230
148
314
196
138
-160
4
128
54
-152
4
-6
24
226
408
302
222
-182
-302
342
-206
-190
-120
-280
-282
96
342
-26
166
-178
362
276
390
-12
384
300
-348
198
418
340
6
418
-52
-322
-304
-166
-206
-70
-284
126
330
446
-214
-284
390
-146
30
-282
-348
-120
-54
-322
-144
104
324
110
42
296
-98
-130
-284
8
274
-274
408
178
436
234
154
34
-318
-26
94
-20
-242
354
-284
-242
48
72
76
-164
-86
218
260
-346
326
-130
-36
-60
192
-56
418
226
432
234
-92
50
-174
296
-262
258
338
72
92
296
-164
-168
-242
330
-116
138
236
-332
304
196
414
182
-2
-124
-128
228
224
-46
-114
-170
-252
222
-200
-70
186
78
358
24
-256
410
410
428
284
52
2
324
-16
294
-270
-268

